Zeitreihen fuer Gebietsmittel fuer Bundeslaender und Kombinationen von Bundeslaender, erstellt am: 20240415
Jahr;Monat;Brandenburg/Berlin;Brandenburg;Baden-Wuerttemberg;Bayern;Hessen;Mecklenburg-Vorpommern;Niedersachsen;Niedersachsen/Hamburg/Bremen;Nordrhein-Westfalen;Rheinland-Pfalz;Schleswig-Holstein;Saarland;Sachsen;Sachsen-Anhalt;Thueringen/Sachsen-Anhalt;Thueringen;Deutschland;
1881;07;    50.5;    50.5;    80.9;    76.8;    58.2;    64.8;    72.9;    73.7;    67.0;    69.8;   102.5;    84.9;    62.2;    48.1;    49.7;    51.8;    69.0;
1882;07;   130.7;   130.6;   167.2;   172.4;   174.0;    83.4;   110.6;   110.2;   134.8;   157.5;    87.6;   175.6;   185.8;   140.1;   150.1;   162.7;   144.5;
1883;07;    87.9;    87.9;   145.4;   136.1;   116.5;    81.4;   107.6;   107.5;   132.7;   126.1;    97.2;   137.8;   125.2;    85.4;    93.9;   104.6;   116.9;
1884;07;    91.9;    91.9;    90.0;   111.5;    82.3;    96.6;    97.7;    97.5;   103.2;    88.8;   100.7;    93.6;    98.0;    86.8;    83.6;    79.5;    96.8;
1885;07;    53.7;    53.6;   113.2;   105.0;    64.1;    26.8;    35.7;    35.4;    46.1;    72.1;    21.3;    72.4;    82.5;    56.4;    59.2;    62.7;    67.3;
1886;07;    60.0;    60.0;    87.2;    96.5;    68.5;    51.6;    61.8;    61.9;    67.7;    57.3;    66.9;    52.4;   105.5;    56.6;    61.9;    68.7;    73.5;
1887;07;    66.2;    66.1;    76.1;    81.2;    81.2;    60.0;    83.8;    83.8;    77.7;    57.3;    78.6;    65.2;    75.4;    74.1;    73.4;    72.5;    75.4;
1888;07;    72.6;    72.7;   146.3;   148.9;   120.4;   125.5;   123.9;   124.2;   146.7;   133.5;   148.1;   147.1;    86.3;    64.1;    77.5;    94.2;   123.9;
1889;07;    69.7;    69.7;   103.4;   120.0;    84.9;    88.1;    94.1;    94.5;   116.9;    74.2;    95.7;    71.1;    87.8;    66.6;    72.8;    80.6;    95.6;
1890;07;    67.1;    67.2;    97.2;   120.4;    92.6;    78.4;   103.3;   103.8;   119.7;   102.8;   103.7;   106.9;    90.2;    63.5;    68.2;    74.2;    98.1;
1891;07;   121.7;   121.7;   132.2;   155.7;    83.0;   105.0;   118.7;   119.0;   107.9;    83.9;   124.4;    80.5;   141.5;   107.7;   101.3;    93.3;   121.0;
1892;07;    33.2;    33.1;    82.1;   108.7;    39.7;    38.9;    39.6;    39.6;    49.5;    46.7;    38.9;    41.4;    42.7;    30.2;    32.6;    35.5;    57.7;
1893;07;    61.3;    61.2;   114.4;   145.2;   113.7;    52.5;    68.5;    68.3;    89.6;    93.0;    73.9;    96.2;    96.8;    64.5;    78.0;    95.1;    95.5;
1894;07;    53.1;    53.7;   125.3;   116.9;   115.6;    61.9;    95.7;    95.3;   109.0;    78.6;    86.4;    59.2;   119.7;    70.0;    94.9;   126.3;    98.9;
1895;07;    55.3;    55.6;    71.5;    84.4;    67.2;    86.7;   117.1;   117.3;   102.0;    68.0;   117.8;    84.2;    55.6;    63.6;    60.2;    56.0;    82.5;
1896;07;    82.7;    82.7;   109.2;   108.9;    86.4;    89.1;    91.4;    91.6;   106.6;   105.9;    86.7;   102.7;   113.4;    74.8;    83.7;    94.9;    97.9;
1897;07;   119.3;   119.2;    78.4;   143.7;    49.3;   110.9;    74.1;    74.4;    70.1;    52.3;    90.5;    51.0;   191.8;    84.3;    81.8;    78.6;    99.2;
1898;07;    86.9;    86.6;   105.9;   105.4;   111.8;    83.1;   103.4;   102.9;   121.6;    99.6;    57.9;    71.4;    93.8;    89.0;    89.3;    89.7;    99.1;
1899;07;   111.0;   111.4;    82.9;    81.0;    99.0;    86.6;    89.3;    88.8;   106.2;    77.9;    96.1;    89.3;   136.5;   122.9;   118.7;   113.4;    95.9;
1900;07;    58.4;    58.5;   118.8;   101.8;    96.7;    47.4;    84.3;    84.2;   100.5;    90.7;    75.8;    79.4;    81.7;    60.4;    72.5;    87.7;    87.4;
1901;07;    60.5;    60.6;   107.0;   123.1;    74.4;    55.5;    71.2;    70.9;    42.6;    58.6;    56.8;    42.5;    83.3;    73.7;    95.5;   122.9;    82.2;
1902;07;    70.3;    70.7;    83.3;    87.3;    55.1;    65.8;    81.2;    81.2;    82.7;    45.2;    74.3;    41.6;    93.5;    79.6;    80.7;    82.1;    77.4;
1903;07;    46.4;    46.4;   130.3;   142.3;    93.1;    48.1;   102.4;   102.6;   121.3;    89.0;   105.6;    92.4;    71.3;    57.8;    70.3;    85.9;   100.6;
1904;07;    18.9;    18.6;    32.8;    32.9;    25.7;    30.7;    27.3;    27.5;    32.2;    39.1;    35.1;    45.0;    19.0;    19.5;    21.2;    23.3;    29.0;
1905;07;   140.0;   141.2;    80.1;    78.7;    83.8;    96.0;   107.3;   106.9;   120.0;    77.9;    54.8;    38.6;   137.3;   127.2;   112.4;    93.7;    98.4;
1906;07;    74.4;    75.0;   125.9;   132.7;    88.3;    51.4;    85.0;    84.6;    88.6;    65.4;    54.0;    78.0;    95.7;   111.1;   105.2;    97.8;    96.2;
1907;07;   177.7;   176.9;    96.2;   124.8;    88.1;   121.6;    64.7;    64.4;    81.9;    93.3;    40.3;    95.6;   192.7;   142.4;   131.6;   117.9;   110.5;
1908;07;    74.8;    75.0;   107.0;    99.3;    70.1;    83.2;    84.1;    84.4;    84.8;    77.9;    93.7;    57.7;   104.0;    73.1;    76.4;    80.6;    88.1;
1909;07;    76.2;    76.7;   136.1;   169.8;   101.3;    78.8;   118.7;   118.7;   122.8;   105.2;   110.5;   127.7;   128.5;    69.6;    80.5;    94.1;   119.4;
1910;07;    86.6;    86.8;   131.1;   135.1;   106.7;   105.5;   117.1;   117.1;   148.0;   120.2;   104.6;   151.0;   136.4;    84.1;    89.9;    97.1;   119.2;
1911;07;    29.9;    29.9;    25.4;    32.8;    35.8;    37.4;    33.2;    33.3;    31.1;    25.2;    45.2;    27.5;    32.9;    31.8;    32.0;    32.2;    32.2;
1912;07;    40.7;    41.1;   124.5;   116.2;    60.7;    46.1;    68.6;    68.6;    45.3;    54.1;    55.6;    58.3;    67.7;    53.5;    57.8;    63.3;    74.6;
1913;07;    51.1;    51.1;   113.9;   122.0;    73.8;    54.8;    82.0;    82.3;    91.3;    96.8;    74.8;    90.0;    63.8;    53.1;    51.5;    49.4;    85.9;
1914;07;   100.0;    99.7;   143.0;   143.6;   117.9;   100.6;   127.6;   127.7;   107.0;    95.1;   143.7;    89.3;   113.8;   117.1;   133.9;   155.0;   124.3;
1915;07;    61.0;    61.2;   100.7;   112.9;    76.2;    63.0;    96.7;    97.0;   110.9;    74.2;   113.4;    83.8;    69.1;    55.4;    56.9;    58.7;    89.3;
1916;07;    73.9;    73.7;   112.1;   118.9;    88.1;    67.3;    75.5;    75.1;    78.7;    68.8;    61.3;    67.8;    78.7;    68.5;    78.4;    90.9;    87.6;
1917;07;    61.7;    62.1;    93.7;    93.2;    59.1;    53.3;    67.7;    67.6;    92.1;    62.8;    66.0;    78.0;    77.5;    55.7;    57.5;    59.7;    75.1;
1918;07;    82.2;    82.5;    77.1;   124.0;    66.0;    69.7;    71.6;    71.7;    86.7;    62.0;    74.5;    58.6;   140.4;    71.0;    74.0;    77.8;    88.1;
1919;07;    49.6;    49.9;   107.8;   104.6;    84.5;    59.9;    68.9;    68.7;    87.1;    93.6;    60.9;   108.3;    84.2;    46.8;    53.8;    62.6;    81.1;
1920;07;    63.9;    63.8;   110.1;   131.3;    97.8;    93.7;    97.6;    98.0;    99.9;   103.3;   120.8;   102.3;    86.0;    78.3;    86.1;    96.0;   102.5;
1921;07;    17.3;    17.4;    39.4;    49.7;    23.7;    21.0;    24.3;    24.4;    27.9;    21.8;    25.5;    19.9;    44.1;    31.2;    37.7;    45.9;    32.8;
1922;07;   135.9;   135.2;   122.5;   132.3;    85.8;   190.4;    91.5;    91.9;    87.0;    89.5;   103.2;    90.7;    97.7;    73.6;    72.7;    71.6;   111.2;
1923;07;    57.4;    57.1;    35.2;    58.6;    50.8;    65.5;    95.7;    96.1;    61.8;    45.6;    99.6;    56.8;    62.8;    52.8;    51.3;    49.4;    62.1;
1924;07;    75.4;    74.9;   139.3;   161.2;    98.8;    88.0;    80.0;    79.7;   113.6;    87.3;    89.9;    73.9;    80.2;    69.3;    72.1;    75.5;   106.7;
1925;07;    48.9;    48.9;   100.2;   118.5;    91.1;    30.2;    51.7;    51.9;    63.2;    58.6;    67.4;    60.8;    89.3;    48.0;    59.3;    73.4;    75.6;
1926;07;   129.3;   129.6;   128.3;   201.2;   119.5;   118.1;   125.9;   126.1;   107.4;    81.0;   111.4;    69.0;   177.5;   151.2;   149.2;   146.7;   140.6;
1927;07;   133.5;   134.1;   112.0;   119.2;    94.0;   127.2;   108.6;   108.5;   110.5;   116.5;   117.6;   107.6;   133.9;   116.2;   112.8;   108.5;   116.4;
1928;07;    45.8;    46.1;    22.9;    41.7;    51.7;    52.0;    52.4;    52.5;    63.7;    40.8;    53.3;    33.6;    35.4;    50.4;    48.8;    46.8;    45.9;
1929;07;    30.4;    30.3;    99.6;    99.2;    73.6;    37.2;    45.8;    45.6;    64.2;    87.6;    42.8;   102.1;    45.6;    32.4;    39.9;    49.3;    65.4;
1930;07;   162.2;   161.4;   164.1;   133.5;    99.7;   157.7;    65.0;    65.0;   114.1;   125.1;    69.3;   120.1;   140.5;    91.8;    93.4;    95.3;   120.5;
1931;07;    94.4;    94.2;   160.3;   143.7;   105.7;   141.3;   160.2;   160.9;   105.8;    97.5;   227.3;   124.0;   113.3;   100.2;   101.7;   103.5;   132.8;
1932;07;    84.1;    84.3;   135.0;   141.4;    68.3;    64.6;    97.2;    97.4;    70.1;    93.9;    70.2;    87.6;   126.3;    84.9;    89.9;    96.1;   101.8;
1933;07;    53.7;    53.5;    76.1;   106.0;    62.1;    51.4;    75.4;    75.5;    58.5;    42.0;    82.7;    32.8;    77.6;    48.7;    55.7;    64.4;    72.2;
1934;07;    44.1;    43.9;    66.3;    72.1;    46.4;    31.0;    50.2;    49.8;    68.1;    43.8;    37.6;    45.0;    58.0;    48.6;    48.4;    48.1;    55.3;
1935;07;    44.0;    44.0;    39.5;    61.6;    22.1;    46.9;    63.6;    63.9;    42.8;    22.6;    58.0;    22.1;    44.3;    35.0;    33.0;    30.5;    46.8;
1936;07;    74.0;    73.9;   152.6;   146.3;   117.7;    92.5;   117.6;   117.6;   112.5;   111.4;   118.1;   119.0;   106.2;    81.2;    95.9;   114.4;   118.0;
1937;07;    82.6;    82.5;    56.5;    70.8;    47.8;    92.8;    79.7;    80.1;    48.4;    38.3;   114.0;    38.3;   119.2;    77.3;    69.2;    58.9;    71.9;
1938;07;    68.7;    68.9;   136.8;   105.1;    80.0;    52.2;    82.1;    81.8;    75.3;    90.8;    68.7;   100.4;    71.3;    59.5;    66.5;    75.3;    86.3;
1939;07;    86.0;    86.2;   140.4;   121.7;    67.3;    82.1;    97.2;    97.3;    90.1;    63.6;   111.4;    81.1;   127.6;    70.0;    76.2;    83.9;   100.2;
1940;07;    74.7;    74.9;   157.0;   165.4;   128.4;    78.1;   107.3;   106.9;   108.8;   138.8;    99.6;   160.7;   149.3;    82.3;   117.6;   162.1;   125.6;
1941;07;    86.1;    85.5;    89.6;   158.7;    75.4;    89.2;    70.7;    71.0;    56.8;    54.1;    72.5;    65.4;   109.0;    87.8;    95.8;   105.9;    95.3;
1942;07;   111.6;   111.8;   139.4;   135.4;   105.5;   124.7;   152.9;   153.0;   145.4;   120.8;   140.5;   111.8;   109.1;   108.4;   102.9;    95.9;   129.3;
1943;07;    31.6;    31.7;    94.3;   104.1;    52.2;    36.5;    40.4;    40.4;    45.1;    55.5;    34.1;    52.5;    32.1;    32.9;    33.6;    34.4;    58.2;
1944;07;    53.1;    53.1;   123.6;   155.8;   133.6;    55.1;    88.1;    87.7;   137.5;   105.6;    59.3;    98.8;    83.3;    55.6;    73.7;    96.4;   105.4;
1945;07;    70.5;    71.1;    70.1;    77.6;    66.4;    78.6;    91.0;    91.6;    70.8;    58.3;   114.9;    76.8;    85.0;    75.9;    83.0;    92.0;    78.4;
1946;07;    50.4;    50.9;    92.1;   157.5;    34.1;    44.2;    43.3;    43.3;    56.7;    61.6;    45.6;    66.5;    93.9;    28.9;    42.2;    59.0;    76.2;
1947;07;    47.5;    47.3;    80.5;    89.9;    67.6;    73.6;    62.9;    63.1;    48.2;    67.9;    78.3;    67.7;    46.3;    48.5;    56.0;    65.4;    67.8;
1948;07;    76.8;    76.8;   146.9;   176.5;   139.1;    88.8;   122.9;   123.1;   155.8;   106.5;   118.0;   101.2;   115.3;    72.4;    86.4;   103.9;   128.6;
1949;07;    41.4;    41.6;    23.2;    48.1;    20.8;    55.3;    44.6;    44.7;    46.3;     8.1;    46.1;     2.7;    47.4;    25.8;    25.8;    25.9;    38.4;
1950;07;    84.5;    84.2;   108.1;   122.5;   110.6;   118.8;   103.0;   103.1;   101.2;   104.6;   118.5;   116.3;    82.1;    70.4;    84.1;   101.4;   105.0;
1951;07;    51.8;    51.9;    87.2;   105.4;    41.8;    52.1;    69.0;    69.3;    66.9;    45.3;    70.9;    51.5;    65.8;    57.2;    56.2;    55.0;    71.0;
1952;07;    40.3;    40.2;    25.3;    30.1;    31.7;    38.3;    63.3;    63.1;    77.6;    35.8;    58.8;    25.8;    30.6;    36.7;    30.9;    23.5;    41.8;
1953;07;    52.6;    52.6;   131.7;   142.3;    84.3;    47.4;    69.9;    69.7;    92.9;    89.3;    96.1;   130.4;    83.4;    49.7;    58.7;    70.0;    92.9;
1954;07;   157.1;   157.4;   130.8;   245.4;   112.1;   108.5;   168.1;   167.6;   161.0;    85.5;   144.4;    82.3;   276.7;   144.6;   149.8;   156.4;   168.5;
1955;07;   110.7;   111.4;   135.8;   169.0;    82.0;    86.2;    91.6;    91.7;    58.9;    84.9;    43.2;    85.2;   195.9;   154.8;   152.0;   148.5;   118.3;
1956;07;    76.3;    76.3;   140.1;   144.1;   164.4;    50.7;   127.7;   126.7;   156.7;    97.7;    57.0;    94.9;   125.1;   113.2;   138.7;   170.8;   123.5;
1957;07;   104.5;   104.9;   124.6;   163.2;    88.4;    85.3;    99.9;    99.6;   106.4;    84.6;    65.3;    87.2;   188.7;    82.7;    86.2;    90.5;   115.2;
1958;07;    90.0;    90.4;   108.3;   108.1;    67.5;    82.3;   102.5;   102.6;    99.5;    59.1;   112.6;    79.8;   137.8;    73.7;    77.1;    81.4;    96.6;
1959;07;    93.1;    93.3;    62.3;    93.9;    40.9;    70.9;    45.5;    45.6;    43.0;    32.5;    50.1;    34.4;   109.4;    36.2;    37.8;    39.9;    64.0;
1960;07;    74.8;    75.0;    95.6;   103.4;    91.6;   100.6;    74.7;    74.6;    93.0;    78.4;    94.4;   117.2;    66.2;    50.8;    57.1;    65.0;    86.2;
1961;07;    69.7;    69.7;   116.5;    91.3;   106.2;    92.4;    99.6;    99.9;   107.4;    91.6;   106.8;   106.8;    66.5;    58.8;    66.3;    75.8;    92.7;
1962;07;    73.3;    73.0;    65.5;    87.5;    78.0;    73.8;   103.1;   102.9;   102.8;    62.4;    95.6;    69.9;    74.0;    73.2;    76.5;    80.6;    83.2;
1963;07;    31.0;    30.8;    89.5;    86.1;    31.9;    26.3;    46.3;    46.2;    47.4;    34.4;    49.8;    28.2;    50.2;    30.2;    40.8;    54.1;    54.2;
1964;07;    22.1;    22.1;    30.4;    41.3;    31.1;    31.7;    40.0;    40.2;    38.1;    25.3;    64.9;    19.8;    28.2;    27.2;    25.4;    23.1;    34.6;
1965;07;   101.2;   100.8;   139.0;   129.9;   163.8;   121.3;   142.2;   142.5;   186.2;   121.4;   157.6;    97.7;    90.7;    94.2;    98.7;   104.4;   132.2;
1966;07;    81.4;    81.7;   116.0;   161.7;   136.4;    89.8;   102.4;   102.2;   129.6;   120.6;    99.8;   111.7;   101.6;    87.2;    94.0;   102.5;   117.7;
1967;07;    56.5;    56.8;    63.6;    75.0;    43.6;    72.9;    72.3;    72.6;    68.8;    72.9;    84.9;    60.8;    61.4;    64.7;    57.1;    47.6;    67.2;
1968;07;    55.9;    56.1;    82.1;   102.9;    71.3;    72.1;    67.5;    67.6;    79.4;    87.8;    77.5;    88.6;    60.6;    45.8;    49.0;    53.1;    76.3;
1969;07;    13.8;    14.0;    84.1;    61.7;    53.2;    19.5;    46.9;    46.8;    66.7;    52.8;    38.9;    43.9;    29.7;    19.0;    26.9;    36.8;    48.3;
1970;07;    57.1;    57.3;    87.1;   100.5;    96.3;    83.1;   117.8;   117.8;   142.7;    94.3;   100.6;   106.1;    66.5;    65.2;    72.4;    81.4;    95.6;
1971;07;     9.5;     9.5;    45.6;    36.7;    16.2;    27.1;    38.5;    38.9;    33.8;    25.6;    66.3;    40.1;    13.7;    22.4;    17.3;    10.9;    31.0;
1972;07;    61.3;    61.4;    85.3;    95.3;    68.4;    85.1;    69.4;    69.1;    85.2;    68.1;    66.4;    74.8;    65.6;    82.6;    89.8;    98.9;    79.7;
1973;07;    78.8;    78.3;   104.7;   114.1;    72.3;    79.1;    81.8;    82.2;    64.7;    67.1;   102.4;    84.1;   106.7;    66.7;    69.5;    73.1;    88.2;
1974;07;    64.1;    64.4;   100.0;   143.5;    86.6;    88.3;    88.5;    89.1;    92.3;    80.3;   106.9;    78.4;    83.4;    54.5;    63.5;    74.8;    96.3;
1975;07;    55.8;    55.2;    72.6;   104.6;    52.6;    77.2;    63.2;    63.3;    76.9;    70.7;    63.7;    42.2;    47.6;    29.2;    36.1;    44.7;    70.2;
1976;07;    27.9;    28.0;   125.1;   105.2;    59.7;    37.1;    44.7;    44.5;    67.1;    80.7;    27.4;    51.0;    35.7;    37.6;    41.9;    47.2;    66.5;
1977;07;    73.9;    74.4;    78.0;    97.2;    65.0;    85.2;    65.4;    65.6;    64.0;    64.1;    75.0;    58.8;    98.4;    53.8;    55.7;    58.1;    76.0;
1978;07;    36.4;    36.5;   110.2;   115.1;    70.4;    43.9;    77.1;    77.2;    88.8;    80.2;    75.2;   113.2;    47.9;    41.2;    45.3;    50.5;    78.7;
1979;07;    70.1;    70.0;    69.7;    85.2;    69.4;    73.6;    82.2;    82.3;    66.9;    52.4;    70.9;    36.9;    74.4;    66.2;    72.0;    79.2;    73.9;
1980;07;    95.2;    94.7;   157.2;   163.5;   146.4;    93.1;   115.4;   115.6;   166.5;   167.0;   120.3;   182.4;   143.5;    80.4;    91.6;   105.6;   135.4;
1981;07;    86.7;    86.8;    94.7;   173.1;    69.6;    68.4;    60.3;    60.4;    71.4;    65.3;    80.5;    77.3;   171.0;    53.0;    56.3;    60.4;    97.3;
1982;07;    24.5;    24.4;   117.0;   100.3;    40.2;    31.4;    28.2;    28.1;    31.3;    51.8;    28.8;    63.7;    46.8;    28.3;    33.0;    39.0;    55.5;
1983;07;    14.6;    14.7;    36.0;    33.7;    39.5;     9.1;    19.4;    19.2;    25.7;    39.6;     7.7;    28.9;    33.3;    29.1;    31.8;    35.2;    27.5;
1984;07;    38.2;    38.4;    86.5;    94.7;    83.2;    55.6;    65.4;    65.1;    93.2;    64.6;    57.6;    66.4;    77.5;    54.9;    65.2;    78.1;    74.3;
1985;07;    35.1;    35.1;    63.5;    87.3;    79.3;    44.1;    79.4;    79.3;    90.0;    64.3;    95.1;    38.4;    59.9;    46.4;    58.0;    72.6;    70.7;
1986;07;    35.6;    35.6;    98.0;   105.6;    64.0;    68.5;    60.7;    60.9;    64.2;    62.7;    86.0;    66.2;    55.8;    39.7;    42.5;    46.1;    71.5;
1987;07;   105.3;   105.3;   124.6;   137.3;    92.4;   129.3;    80.9;    80.9;    88.9;   103.5;   111.7;   120.7;    96.8;    83.1;    81.9;    80.4;   107.1;
1988;07;    65.0;    64.9;   102.9;   109.0;    85.3;    98.1;   119.4;   119.4;   126.7;    80.0;   121.5;   104.5;    74.9;    59.0;    64.3;    71.0;    98.2;
1989;07;    48.6;    48.8;   118.8;   124.0;    77.7;    61.3;    67.4;    67.9;    65.3;    71.3;    94.3;    54.9;    76.4;    56.7;    60.6;    65.5;    83.5;
1990;07;    23.4;    23.4;    55.7;    75.2;    32.3;    28.7;    35.7;    35.9;    38.6;    35.7;    67.9;    47.5;    27.3;    15.4;    20.3;    26.4;    43.7;
1991;07;    27.3;    27.2;    73.9;   100.7;    46.8;    31.2;    46.4;    46.6;    53.4;    57.6;    51.3;    68.4;    34.4;    29.1;    31.2;    33.9;    57.0;
1992;07;    59.3;    59.2;    91.1;   113.3;    88.9;    54.7;    56.4;    56.5;    76.1;    79.7;    72.9;    83.7;   117.9;    76.3;    93.1;   114.3;    84.4;
1993;07;   110.4;   111.0;   139.7;   179.0;   103.7;   111.0;   156.5;   156.6;   135.4;    95.1;   129.8;   101.2;   141.1;   110.0;   112.9;   116.6;   137.2;
1994;07;    36.9;    36.5;   102.3;    81.7;    57.9;    14.2;    50.8;    50.7;    54.0;    46.6;    28.1;    39.6;    49.1;    39.3;    52.2;    68.5;    58.0;
1995;07;    42.6;    42.5;    95.5;    91.7;    83.7;    64.8;    58.0;    57.8;    70.5;    83.7;    38.5;    92.6;    63.4;    49.3;    68.0;    91.4;    72.4;
1996;07;    96.2;    96.2;   122.4;   138.4;    88.8;    57.7;    55.8;    55.7;    76.2;    61.4;    51.6;    69.6;   128.9;    78.9;    91.7;   107.8;    94.1;
1997;07;   106.9;   107.4;   116.5;   161.6;    73.3;    72.3;   101.8;   101.7;    78.2;    67.7;   123.3;    62.7;   137.9;   109.3;   115.1;   122.4;   111.9;
1998;07;    64.8;    64.7;    70.5;   104.4;    72.7;    72.3;    84.7;    85.0;    75.5;    56.9;   114.2;    66.0;    90.6;    58.5;    70.6;    85.9;    81.7;
1999;07;    36.8;    36.7;   102.4;   105.8;    80.9;    31.9;    53.4;    53.2;    53.1;    64.9;    49.2;    65.7;    96.1;    42.1;    65.4;    94.8;    71.6;
2000;07;    63.2;    63.4;   162.6;   157.6;   143.7;    93.8;   101.2;   100.5;   142.5;   172.8;    52.7;   212.3;    89.4;    64.6;    75.7;    89.7;   120.8;
2001;07;    51.4;    51.4;    76.8;    72.8;    56.1;    38.0;    63.8;    63.8;    57.2;    62.7;    78.6;    92.7;    94.4;    84.5;    85.2;    86.0;    68.9;
2002;07;    68.9;    69.1;   123.8;   124.2;   120.0;    90.0;   149.4;   149.7;   128.5;    86.6;   178.2;    65.9;    75.8;   107.4;    94.4;    78.1;   116.2;
2003;07;    61.2;    61.5;    79.5;    83.6;    65.4;    63.7;    55.8;    55.8;    72.8;    55.6;    58.9;    61.8;    71.7;    47.9;    51.1;    55.2;    68.0;
2004;07;    97.9;    98.0;    90.4;   110.8;   100.1;   100.0;   114.9;   115.0;   114.2;    79.6;   104.7;    74.7;   110.0;    93.0;   101.7;   112.6;   104.0;
2005;07;   139.9;   139.3;   115.6;   130.7;    71.8;   101.1;   108.8;   109.6;    93.5;    69.4;   124.6;    77.5;   124.8;   101.8;    92.5;    80.8;   110.0;
2006;07;    32.6;    31.9;    73.4;    64.2;    69.3;    24.4;    42.4;    42.1;    50.9;    40.1;    38.7;    24.6;    31.2;    33.4;    43.6;    56.5;    49.5;
2007;07;   112.9;   113.0;   115.8;   145.2;   105.8;   109.4;   124.8;   125.3;   121.9;    82.4;   152.9;    99.8;   102.5;   109.1;   117.3;   127.6;   121.3;
2008;07;    58.5;    59.0;    85.8;   110.7;    56.5;    54.6;   115.1;   115.6;   105.3;    75.7;    99.0;    74.6;    78.0;    72.8;    71.5;    69.9;    88.6;
2009;07;    76.8;    77.2;   151.2;   130.1;    94.1;    85.0;   105.1;   105.3;   112.3;    91.9;   111.6;   105.9;    90.2;    76.6;    83.7;    92.7;   107.6;
2010;07;    61.7;    61.9;   113.0;   132.7;    64.7;    26.7;    49.3;    49.0;    68.2;    73.3;    38.8;    72.0;   124.8;    46.9;    69.1;    97.1;    81.5;
2011;07;   202.9;   202.7;   138.7;   144.5;    68.0;   222.8;    67.5;    68.0;    68.8;    64.5;   117.7;    72.9;   193.0;   115.1;   102.2;    86.0;   124.0;
2012;07;   105.3;   104.7;    98.4;    91.9;   107.7;    80.2;    95.5;    95.5;   115.4;    92.4;   117.6;    79.9;   115.4;    91.9;    93.2;    94.9;    99.0;
2013;07;    36.1;    36.1;    71.6;    32.6;    37.0;    36.8;    33.5;    33.6;    33.4;    33.9;    36.7;    42.7;    42.5;    35.7;    37.4;    39.5;    38.9;
2014;07;    85.6;    85.8;   191.6;   147.6;   147.4;    78.1;   101.3;   100.9;   140.4;   146.2;    69.0;   139.8;   105.7;   106.0;   119.1;   136.3;   126.6;
2015;07;    77.5;    77.7;    37.2;    44.9;    62.0;    71.4;   113.7;   113.6;    87.5;    40.5;   127.8;    29.3;    79.0;    90.1;    86.1;    80.9;    72.2;
2016;07;    56.4;    56.4;    71.1;   110.2;    57.8;    61.1;    58.4;    58.6;    47.8;    44.9;    78.7;    38.8;    83.2;    47.4;    56.6;    68.5;    70.0;
2017;07;   128.7;   127.8;   134.1;   138.0;   159.2;   125.2;   138.0;   137.3;   134.1;   124.1;   100.9;   128.4;   109.6;   114.9;   134.4;   159.7;   132.4;
2018;07;    54.6;    54.2;    50.7;    60.8;    28.7;    40.6;    27.2;    27.3;    25.5;    30.7;    21.0;    31.2;    32.2;    27.5;    31.4;    36.6;    40.0;
2019;07;    51.3;    50.9;    76.0;    82.2;    47.0;    51.1;    39.2;    39.4;    42.8;    47.1;    60.7;    39.5;    46.7;    40.5;    40.9;    41.4;    56.0;
2020;07;    44.2;    44.2;    38.8;    71.0;    28.8;    59.5;    65.2;    65.5;    53.4;    21.3;    84.1;    17.7;    32.8;    41.7;    38.1;    33.4;    51.8;
2021;07;    62.3;    62.2;   143.3;   149.0;    99.0;    78.4;    73.2;    72.9;   128.2;   119.7;    62.2;   136.9;   121.9;    61.9;    79.4;   102.3;   107.2;
2022;07;    32.0;    32.0;    30.2;    46.0;    29.6;    44.7;    44.3;    44.4;    38.2;     9.3;    51.5;     5.6;    38.3;    36.3;    37.1;    38.1;    37.8;
2023;07;    52.5;    52.0;   107.1;   103.9;    95.3;    84.2;   124.5;   125.2;   115.6;    95.2;   152.5;   109.6;    55.0;    55.0;    63.0;    73.6;    97.0;
